143,4
143,1
143,3
0,412
3,2
3,1
3,3
10,2
10,1
10,3
11,2
11,1
11,3
9,2
9,1
9,3
8,2
8,1
8,3
322,5
322,4
322,3
322,2
322,1
322,0
321,4
321,3
321,2
321,1
321,0
320,4
320,3
320,2
320,1
320,0
319,4
319,3
319,2
319,1
319,0
318,3
318,2
318,1
318,0
317,5
317,4
317,3
317,2
317,1
317,0
316,4
316,3
316,2
316,1
316,0
315,4
315,3
315,2
315,1
315,0
314,4
314,3
314,2
314,1
314,0
313,3
313,2
313,1
313,0
309,3
309,1
306,4
306,3
306,2
306,1
306,0
304,4
304,3
304,2
304,1
304,0
302,3
302,2
302,1
302,0
301,4
301,3
20,2
301,2
20,1
301,1
20,3
301,0
299,3
299,2
299,1
299,0
19,2
298,3
298,2
19,1
298,1
19,3
298,0
297,3
297,2
297,1
297,0
296,12
296,11
296,10
296,9
296,8
296,7
296,6
296,5
296,4
296,3
296,2
296,1
275,181
